0000000000000
0000100000101
0000000000000
0000100000110
0011100000000
0100000000000
0000000000000
0000100000011
0100100000000
0101000000000
0000000000000
0000100001010
0101100000000
0110000000000
1000000000000
1000000000000
1000000000000
1000000000000
1000000000000
1000000000000
1000000000000
1000000000000
1000000000000
1000000000000
1000000000000
1000000000000
1000000000000
1000000000000
1000000000000
1000000000000
1000000000000
1000000000000
1000000000000
1000000000000
1000000000000
1000000000000
1000000000000
1000000000000
1000000000000
1000000000000
1000000000000
1000000000000
1000000000000
1000000000000
1000000000000
1000000000000
1000000000000
1000000000000
1000000000000
1000000000000
1000000000000
1000000000000
1000000000000
1000000000000
1000000000000
1000000000000
1000000000000
1000000000000
1000000000000
1000000000000
1000000000000
1000000000000
1000000000000
1000000000000
1000000000000
1000000000000
1000000000000
1000000000000
1000000000000
1000000000000
1000000000000
1000000000000
1000000000000
1000000000000
1000000000000
1000000000000
1000000000000
1000000000000
1000000000000
1000000000000
1000000000000
1000000000000
1000000000000
1000000000000
1000000000000
1000000000000
1000000000000
1000000000000
1000000000000
1000000000000
1000000000000
1000000000000
1000000000000
1000000000000
1000000000000
1000000000000
1000000000000
1000000000000
1000000000000
1000000000000
1000000000000
1000000000000
1000000000000
1000000000000
1000000000000
1000000000000
1000000000000
1000000000000
1000000000000
1000000000000
1000000000000
1000000000000
1000000000000
1000000000000
1000000000000
1000000000000
1000000000000
1000000000000
1000000000000
1000000000000
1000000000000
1000000000000
1000000000000
1000000000000
1000000000000
1000000000000
1000000000000
1000000000000
1000000000000
1000000000000
1000000000000
1000000000000
1000000000000
1000000000000
1000000000000
1000000000000
1000000000000
1000000000000
1000000000000
1000000000000
1000000000000
1000000000000
1000000000000
1000000000000
1000000000000
1000000000000
1000000000000
1000000000000
1000000000000
1000000000000
1000000000000
1000000000000
1000000000000
1000000000000
1000000000000
1000000000000
1000000000000
1000000000000
1000000000000
1000000000000
1000000000000
1000000000000
1000000000000
1000000000000
1000000000000
1000000000000
1000000000000
1000000000000
1000000000000
1000000000000
1000000000000
1000000000000
1000000000000
1000000000000
1000000000000
1000000000000
1000000000000
1000000000000
1000000000000
1000000000000
1000000000000
1000000000000
1000000000000
1000000000000
1000000000000
1000000000000
1000000000000
1000000000000
1000000000000
1000000000000
1000000000000
1000000000000
1000000000000
1000000000000
1000000000000
1000000000000
1000000000000
1000000000000
1000000000000
1000000000000
1000000000000
1000000000000
1000000000000
1000000000000
1000000000000
1000000000000
1000000000000
1000000000000
1000000000000
1000000000000
1000000000000
1000000000000
1000000000000
1000000000000
1000000000000
1000000000000
1000000000000
1000000000000
1000000000000
1000000000000
1000000000000
1000000000000
1000000000000
1000000000000
1000000000000
1000000000000
1000000000000
1000000000000
1000000000000
1000000000000
1000000000000
1000000000000
1000000000000
1000000000000
1000000000000
1000000000000
1000000000000
1000000000000
1000000000000
1000000000000
1000000000000
1000000000000
1000000000000
1000000000000
1000000000000
1000000000000
1000000000000
1000000000000
1000000000000
1000000000000
1000000000000
1000000000000
1000000000000
1000000000000
1000000000000
1000000000000
0000000000000
0000100000010
0110100000000
0111000000000
0111000000000
0111100000000
1000000000000
1000000000000
1000000000000
1000000000000
1000000000000
1000000000000
1000000000000
1000000000000
1000000000000
1000000000000
1000000000000
1000000000000
1000000000000
1000000000000
1000000000000
1000000000000
1000000000000
1000000000000
1000000000000
1000000000000
1000000000000
1000000000000
1000000000000
1000000000000
1000000000000
1000000000000
1000000000000
1000000000000
1000000000000
1000000000000
1000000000000
1000000000000
1000000000000
1000000000000
1000000000000
1000000000000
1000000000000
1000000000000
1000000000000
1000000000000
1000000000000
1000000000000
1000000000000
1000000000000
1000000000000
1000000000000
1000000000000
1000000000000
1000000000000
1000000000000
1000000000000
1000000000000
1000000000000
1000000000000
1000000000000
1000000000000
1000000000000
1000000000000
1000000000000
1000000000000
1000000000000
1000000000000
1000000000000
1000000000000
1000000000000
1000000000000
1000000000000
1000000000000
1000000000000
1000000000000
1000000000000
1000000000000
1000000000000
1000000000000
1000000000000
1000000000000
1000000000000
1000000000000
1000000000000
1000000000000
1000000000000
1000000000000
1000000000000
1000000000000
1000000000000
1000000000000
1000000000000
1000000000000
1000000000000
1000000000000
1000000000000
1000000000000
1000000000000
1000000000000
1000000000000
1000000000000
1000000000000
1000000000000
1000000000000
1000000000000
1000000000000
1000000000000
1000000000000
1000000000000
1000000000000
1000000000000
1000000000000
1000000000000
1000000000000
1000000000000
1000000000000
1000000000000
1000000000000
1000000000000
1000000000000
1000000000000
1000000000000
1000000000000
1000000000000
1000000000000
1000000000000
1000000000000
1000000000000
1000000000000
1000000000000
1000000000000
1000000000000
1000000000000
1000000000000
1000000000000
1000000000000
1000000000000
1000000000000
1000000000000
1000000000000
1000000000000
1000000000000
1000000000000
1000000000000
1000000000000
1000000000000
1000000000000
1000000000000
1000000000000
1000000000000
1000000000000
1000000000000
1000000000000
1000000000000
1000000000000
1000000000000
1000000000000
1000000000000
1000000000000
1000000000000
1000000000000
1000000000000
1000000000000
1000000000000
1000000000000
1000000000000
1000000000000
1000000000000
1000000000000
1000000000000
1000000000000
1000000000000
1000000000000
1000000000000
1000000000000
1000000000000
1000000000000
1000000000000
1000000000000
1000000000000
1000000000000
1000000000000
1000000000000
1000000000000
1000000000000
1000000000000
1000000000000
1000000000000
1000000000000
1000000000000
1000000000000
1000000000000
1000000000000
1000000000000
1000000000000
1000000000000
1000000000000
1000000000000
1000000000000
1000000000000
1000000000000
1000000000000
1000000000000
1000000000000
1000000000000
1000000000000
1000000000000
1000000000000
1000000000000
1000000000000
1000000000000
1000000000000
1000000000000
1000000000000
1000000000000
1000000000000
1000000000000
1000000000000
1000000000000
1000000000000
1000000000000
1000000000000
1000000000000
1000000000000
1000000000000
1000000000000
1000000000000
1000000000000
1000000000000
1000000000000
1000000000000
1000000000000
1000000000000
1000000000000
1000000000000
1000000000000
1000000000000
1000000000000
1000000000000
1000000000000
1000000000000
1000000000000
1000000000000
1000000000000
1000000000000
1000000000000
1000000000000
1000000000000
1000000000000
1000000000000
1000000000000
1000000000000
1000000000000
1000000000000
1000000000000
0000000000000
0000100000101
0000000000000
0000100000110
0011100000000
0100000000000
0000000000000
0000100000011
0100100000000
0101000000000
0000000000000
0000100001010
0101100000000
0110000000000
1000000000000
1000000000000
1000000000000
1000000000000
1000000000000
1000000000000
1000000000000
1000000000000
1000000000000
1000000000000
1000000000000
1000000000000
1000000000000
1000000000000
1000000000000
1000000000000
1000000000000
1000000000000
1000000000000
1000000000000
1000000000000
1000000000000
1000000000000
1000000000000
1000000000000
1000000000000
1000000000000
1000000000000
1000000000000
1000000000000
1000000000000
1000000000000
1000000000000
1000000000000
1000000000000
1000000000000
1000000000000
1000000000000
1000000000000
1000000000000
1000000000000
1000000000000
1000000000000
1000000000000
1000000000000
1000000000000
1000000000000
1000000000000
1000000000000
1000000000000
1000000000000
1000000000000
1000000000000
1000000000000
1000000000000
1000000000000
1000000000000
1000000000000
1000000000000
1000000000000
1000000000000
1000000000000
1000000000000
1000000000000
1000000000000
1000000000000
1000000000000
1000000000000
1000000000000
1000000000000
1000000000000
1000000000000
1000000000000
1000000000000
1000000000000
1000000000000
1000000000000
1000000000000
1000000000000
1000000000000
1000000000000
1000000000000
1000000000000
1000000000000
1000000000000
1000000000000
1000000000000
1000000000000
1000000000000
1000000000000
1000000000000
1000000000000
1000000000000
1000000000000
1000000000000
1000000000000
1000000000000
1000000000000
1000000000000
1000000000000
1000000000000
1000000000000
1000000000000
1000000000000
1000000000000
1000000000000
1000000000000
1000000000000
1000000000000
1000000000000
1000000000000
1000000000000
1000000000000
1000000000000
1000000000000
1000000000000
1000000000000
1000000000000
1000000000000
1000000000000
1000000000000
1000000000000
1000000000000
1000000000000
1000000000000
1000000000000
1000000000000
1000000000000
1000000000000
1000000000000
1000000000000
1000000000000
1000000000000
1000000000000
1000000000000
1000000000000
1000000000000
1000000000000
1000000000000
1000000000000
1000000000000
1000000000000
1000000000000
1000000000000
1000000000000
1000000000000
1000000000000
1000000000000
1000000000000
1000000000000
1000000000000
1000000000000
1000000000000
1000000000000
1000000000000
1000000000000
1000000000000
1000000000000
1000000000000
1000000000000
1000000000000
1000000000000
1000000000000
1000000000000
1000000000000
1000000000000
1000000000000
1000000000000
1000000000000
1000000000000
1000000000000
1000000000000
1000000000000
1000000000000
1000000000000
1000000000000
1000000000000
1000000000000
1000000000000
1000000000000
1000000000000
1000000000000
1000000000000
1000000000000
1000000000000
1000000000000
1000000000000
1000000000000
1000000000000
1000000000000
1000000000000
1000000000000
1000000000000
1000000000000
1000000000000
1000000000000
1000000000000
1000000000000
1000000000000
1000000000000
1000000000000
1000000000000
1000000000000
1000000000000
1000000000000
1000000000000
1000000000000
1000000000000
1000000000000
1000000000000
1000000000000
1000000000000
1000000000000
1000000000000
1000000000000
1000000000000
1000000000000
1000000000000
1000000000000
1000000000000
1000000000000
1000000000000
1000000000000
1000000000000
1000000000000
1000000000000
1000000000000
1000000000000
1000000000000
1000000000000
1000000000000
1000000000000
1000000000000
1000000000000
1000000000000
1000000000000
1000000000000
1000000000000
1000000000000
1000000000000
1000000000000
1000000000000
