0000000000000
0000100000010
0110100000000
0111000000000
0111000000000
0111100000000
1000000000000
1000000000000
1000000000000
1000000000000
1000000000000
1000000000000
1000000000000
1000000000000
1000000000000
1000000000000
1000000000000
1000000000000
1000000000000
1000000000000
1000000000000
1000000000000
1000000000000
1000000000000
1000000000000
1000000000000
1000000000000
1000000000000
1000000000000
1000000000000
1000000000000
1000000000000
1000000000000
1000000000000
1000000000000
1000000000000
1000000000000
1000000000000
1000000000000
1000000000000
1000000000000
1000000000000
1000000000000
1000000000000
1000000000000
1000000000000
1000000000000
1000000000000
1000000000000
1000000000000
1000000000000
1000000000000
1000000000000
1000000000000
1000000000000
1000000000000
1000000000000
1000000000000
1000000000000
1000000000000
1000000000000
1000000000000
1000000000000
1000000000000
1000000000000
1000000000000
1000000000000
1000000000000
1000000000000
1000000000000
1000000000000
1000000000000
1000000000000
1000000000000
1000000000000
1000000000000
1000000000000
1000000000000
1000000000000
1000000000000
1000000000000
1000000000000
1000000000000
1000000000000
1000000000000
1000000000000
1000000000000
1000000000000
1000000000000
1000000000000
1000000000000
1000000000000
1000000000000
1000000000000
1000000000000
1000000000000
1000000000000
1000000000000
1000000000000
1000000000000
1000000000000
1000000000000
1000000000000
1000000000000
1000000000000
1000000000000
1000000000000
1000000000000
1000000000000
1000000000000
1000000000000
1000000000000
1000000000000
1000000000000
1000000000000
1000000000000
1000000000000
1000000000000
1000000000000
1000000000000
1000000000000
1000000000000
1000000000000
1000000000000
1000000000000
1000000000000
1000000000000
1000000000000
1000000000000
1000000000000
1000000000000
1000000000000
1000000000000
1000000000000
1000000000000
1000000000000
1000000000000
1000000000000
1000000000000
1000000000000
1000000000000
1000000000000
1000000000000
1000000000000
1000000000000
1000000000000
1000000000000
1000000000000
1000000000000
1000000000000
1000000000000
1000000000000
1000000000000
1000000000000
1000000000000
1000000000000
1000000000000
1000000000000
1000000000000
1000000000000
1000000000000
1000000000000
1000000000000
1000000000000
1000000000000
1000000000000
1000000000000
1000000000000
1000000000000
1000000000000
1000000000000
1000000000000
1000000000000
1000000000000
1000000000000
1000000000000
1000000000000
1000000000000
1000000000000
1000000000000
1000000000000
1000000000000
1000000000000
1000000000000
1000000000000
1000000000000
1000000000000
1000000000000
1000000000000
1000000000000
1000000000000
1000000000000
1000000000000
1000000000000
1000000000000
1000000000000
1000000000000
1000000000000
1000000000000
1000000000000
1000000000000
1000000000000
1000000000000
1000000000000
1000000000000
1000000000000
1000000000000
1000000000000
1000000000000
1000000000000
1000000000000
1000000000000
1000000000000
1000000000000
1000000000000
1000000000000
1000000000000
1000000000000
1000000000000
1000000000000
1000000000000
1000000000000
1000000000000
1000000000000
1000000000000
1000000000000
1000000000000
1000000000000
1000000000000
1000000000000
1000000000000
1000000000000
1000000000000
1000000000000
1000000000000
1000000000000
1000000000000
1000000000000
1000000000000
1000000000000
1000000000000
1000000000000
1000000000000
1000000000000
1000000000000
1000000000000
1000000000000
1000000000000
1000000000000
1000000000000
1000000000000
1000000000000
1000000000000
1000000000000
1000000000000
1000000000000
