0000000000000
0000100010000
0000000000000
0000100000110
0010100000000
0011000000000
0001000000000
0000000000000
0000100001010
0000000000000
0000100100000
0100100000000
0101000000000
0111100000000
1000000000000
1000000000000
1000000000000
1000000000000
1000000000000
1000000000000
1000000000000
1000000000000
1000000000000
1000000000000
1000000000000
1000000000000
1000000000000
1000000000000
1000000000000
1000000000000
1000000000000
1000000000000
1000000000000
1000000000000
1000000000000
1000000000000
1000000000000
1000000000000
1000000000000
1000000000000
1000000000000
1000000000000
1000000000000
1000000000000
1000000000000
1000000000000
1000000000000
1000000000000
1000000000000
1000000000000
1000000000000
1000000000000
1000000000000
1000000000000
1000000000000
1000000000000
1000000000000
1000000000000
1000000000000
1000000000000
1000000000000
1000000000000
1000000000000
1000000000000
1000000000000
1000000000000
1000000000000
1000000000000
1000000000000
1000000000000
1000000000000
1000000000000
1000000000000
1000000000000
1000000000000
1000000000000
1000000000000
1000000000000
1000000000000
1000000000000
1000000000000
1000000000000
1000000000000
1000000000000
1000000000000
1000000000000
1000000000000
1000000000000
1000000000000
1000000000000
1000000000000
1000000000000
1000000000000
1000000000000
1000000000000
1000000000000
1000000000000
1000000000000
1000000000000
1000000000000
1000000000000
1000000000000
1000000000000
1000000000000
1000000000000
1000000000000
1000000000000
1000000000000
1000000000000
1000000000000
1000000000000
1000000000000
1000000000000
1000000000000
1000000000000
1000000000000
1000000000000
1000000000000
1000000000000
1000000000000
1000000000000
1000000000000
1000000000000
1000000000000
1000000000000
1000000000000
1000000000000
1000000000000
1000000000000
1000000000000
1000000000000
1000000000000
1000000000000
1000000000000
1000000000000
1000000000000
1000000000000
1000000000000
1000000000000
1000000000000
1000000000000
1000000000000
1000000000000
1000000000000
1000000000000
1000000000000
1000000000000
1000000000000
1000000000000
1000000000000
1000000000000
1000000000000
1000000000000
1000000000000
1000000000000
1000000000000
1000000000000
1000000000000
1000000000000
1000000000000
1000000000000
1000000000000
1000000000000
1000000000000
1000000000000
1000000000000
1000000000000
1000000000000
1000000000000
1000000000000
1000000000000
1000000000000
1000000000000
1000000000000
1000000000000
1000000000000
1000000000000
1000000000000
1000000000000
1000000000000
1000000000000
1000000000000
1000000000000
1000000000000
1000000000000
1000000000000
1000000000000
1000000000000
1000000000000
1000000000000
1000000000000
1000000000000
1000000000000
1000000000000
1000000000000
1000000000000
1000000000000
1000000000000
1000000000000
1000000000000
1000000000000
1000000000000
1000000000000
1000000000000
1000000000000
1000000000000
1000000000000
1000000000000
1000000000000
1000000000000
1000000000000
1000000000000
1000000000000
1000000000000
1000000000000
1000000000000
1000000000000
1000000000000
1000000000000
1000000000000
1000000000000
1000000000000
1000000000000
1000000000000
1000000000000
1000000000000
1000000000000
1000000000000
1000000000000
1000000000000
1000000000000
1000000000000
1000000000000
1000000000000
1000000000000
1000000000000
1000000000000
1000000000000
1000000000000
1000000000000
1000000000000
1000000000000
1000000000000
1000000000000
1000000000000
1000000000000
1000000000000
1000000000000
1000000000000
1000000000000
1000000000000
1000000000000
1000000000000
1000000000000
1000000000000
1000000000000
