0000000000000
0000100000000
0000000000000
0000100000001
0001100000000
0010000000000
0000000000000
0000100000001
0001100000000
0010000000000
0000000000000
0000100000010
0001100000000
0010000000000
0000000000000
0000100000011
0001100000000
0010000000000
0000000000000
0000100000100
0001100000000
0010000000000
0000000000000
0000100000101
0001100000000
0010000000000
0000000000000
0000100000110
0001100000000
0010000000000
0000000000000
0000100000111
0001100000000
0010000000000
0000000000000
0000100001000
0001100000000
0010000000000
0000000000000
0000100001001
0001100000000
0010000000000
0000000000000
0000100001011
0001100000000
0010000000000
0000000000000
0000100001100
0001100000000
0010000000000
0000000000000
0000100001101
0001100000000
0010000000000
0000000000000
0000100001110
0001100000000
0010000000000
0000000000000
0000100001111
0001100000000
0010000000000
0000000000000
0000100010000
0001100000000
0010000000000
0000000000000
0000100010001
0001100000000
0010000000000
0000000000000
0000100010010
0001100000000
0010000000000
0000000000000
0000100010011
0001100000000
0010000000000
1000000000000
1000000000000
1000000000000
1000000000000
1000000000000
1000000000000
1000000000000
1000000000000
1000000000000
1000000000000
1000000000000
1000000000000
1000000000000
1000000000000
1000000000000
1000000000000
1000000000000
1000000000000
1000000000000
1000000000000
1000000000000
1000000000000
1000000000000
1000000000000
1000000000000
1000000000000
1000000000000
1000000000000
1000000000000
1000000000000
1000000000000
1000000000000
1000000000000
1000000000000
1000000000000
1000000000000
1000000000000
1000000000000
1000000000000
1000000000000
1000000000000
1000000000000
1000000000000
1000000000000
1000000000000
1000000000000
1000000000000
1000000000000
1000000000000
1000000000000
1000000000000
1000000000000
1000000000000
1000000000000
1000000000000
1000000000000
1000000000000
1000000000000
1000000000000
1000000000000
1000000000000
1000000000000
1000000000000
1000000000000
1000000000000
1000000000000
1000000000000
1000000000000
1000000000000
1000000000000
1000000000000
1000000000000
1000000000000
1000000000000
1000000000000
1000000000000
1000000000000
1000000000000
1000000000000
1000000000000
1000000000000
1000000000000
1000000000000
1000000000000
1000000000000
1000000000000
1000000000000
1000000000000
1000000000000
1000000000000
1000000000000
1000000000000
1000000000000
1000000000000
1000000000000
1000000000000
1000000000000
1000000000000
1000000000000
1000000000000
1000000000000
1000000000000
1000000000000
1000000000000
1000000000000
1000000000000
1000000000000
1000000000000
1000000000000
1000000000000
1000000000000
1000000000000
1000000000000
1000000000000
1000000000000
1000000000000
1000000000000
1000000000000
1000000000000
1000000000000
1000000000000
1000000000000
1000000000000
1000000000000
1000000000000
1000000000000
1000000000000
1000000000000
1000000000000
1000000000000
1000000000000
1000000000000
1000000000000
1000000000000
1000000000000
1000000000000
1000000000000
1000000000000
1000000000000
1000000000000
1000000000000
1000000000000
1000000000000
1000000000000
1000000000000
1000000000000
1000000000000
1000000000000
1000000000000
1000000000000
1000000000000
1000000000000
1000000000000
1000000000000
1000000000000
1000000000000
1000000000000
1000000000000
1000000000000
1000000000000
1000000000000
1000000000000
1000000000000
1000000000000
1000000000000
1000000000000
1000000000000
1000000000000
1000000000000
1000000000000
1000000000000
1000000000000
1000000000000
1000000000000
1000000000000
1000000000000
1000000000000
1000000000000
